               precision    recall  f1-score   support

     Aloevera     1.0000    1.0000    1.0000        17
         Amla     1.0000    1.0000    1.0000        16
 Amruta_Balli     1.0000    1.0000    1.0000        16
        Arali     1.0000    1.0000    1.0000        16
       Ashoka     1.0000    1.0000    1.0000        16
  Ashwagandha     1.0000    1.0000    1.0000        16
      Avacado     1.0000    1.0000    1.0000        16
       Bamboo     1.0000    1.0000    1.0000        16
       Basale     1.0000    1.0000    1.0000        16
        Betel     1.0000    1.0000    1.0000        16
    Betel_Nut     1.0000    1.0000    1.0000        16
       Brahmi     1.0000    1.0000    1.0000        16
       Castor     1.0000    1.0000    1.0000        16
   Curry_Leaf     1.0000    1.0000    1.0000        16
   Doddapatre     1.0000    1.0000    1.0000        16
         Ekka     1.0000    1.0000    1.0000        16
       Ganike     1.0000    1.0000    1.0000        12
        Gauva     1.0000    1.0000    1.0000        16
     Geranium     1.0000    1.0000    1.0000        16
        Henna     1.0000    0.9333    0.9655        15
     Hibiscus     1.0000    1.0000    1.0000        17
        Honge     1.0000    1.0000    1.0000        16
      Insulin     1.0000    1.0000    1.0000        16
      Jasmine     1.0000    1.0000    1.0000        20
        Lemon     1.0000    1.0000    1.0000        16
  Lemon_grass     1.0000    1.0000    1.0000        16
        Mango     1.0000    1.0000    1.0000        16
         Mint     1.0000    1.0000    1.0000        16
     Nagadali     1.0000    1.0000    1.0000        16
         Neem     1.0000    1.0000    1.0000        16
 Nithyapushpa     1.0000    1.0000    1.0000        16
        Nooni     1.0000    1.0000    1.0000        16
      Pappaya     0.9412    1.0000    0.9697        16
       Pepper     1.0000    1.0000    1.0000        16
  Pomegranate     1.0000    1.0000    1.0000        16
Raktachandini     1.0000    1.0000    1.0000        16
         Rose     1.0000    1.0000    1.0000        18
       Sapota     1.0000    1.0000    1.0000        16
       Tulasi     1.0000    1.0000    1.0000        16
   Wood_sorel     1.0000    1.0000    1.0000        16

     accuracy                         0.9984       643
    macro avg     0.9985    0.9983    0.9984       643
 weighted avg     0.9985    0.9984    0.9984       643
